,x,y,yper
0,0.0,-2.573301196826802,-0.294946358259061
1,1.0101010101010102,-5.7821650433832446,0.7342474899011875
2,2.0202020202020203,2.4196238262557834,1.763441338061436
3,3.0303030303030303,4.672046669161523,2.7926351862216845
4,4.040404040404041,3.444037752817182,3.821829034381933
5,5.050505050505051,9.73043861103188,4.851022882542182
6,6.0606060606060606,11.999640462622686,5.88021673070243
7,7.070707070707071,1.2972066051132245,6.909410578862679
8,8.080808080808081,13.698536332988002,7.938604427022927
9,9.090909090909092,13.425121421918696,8.967798275183176
10,10.101010101010102,8.456142630229088,9.996992123343425
11,11.111111111111112,5.053661223294089,11.026185971503674
12,12.121212121212121,6.021505408804471,12.055379819663921
13,13.131313131313131,14.962367357332273,13.08457366782417
14,14.141414141414142,5.210864918458496,14.113767515984419
15,15.151515151515152,10.151540404147072,15.142961364144668
16,16.161616161616163,20.051273962887212,16.172155212304915
17,17.171717171717173,22.437316267916348,17.201349060465166
18,18.181818181818183,17.407210484182222,18.230542908625413
19,19.191919191919194,25.065146253289054,19.259736756785664
20,20.202020202020204,21.803470234241615,20.28893060494591
21,21.212121212121215,20.581583997623742,21.31812445310616
22,22.222222222222225,15.87531409457712,22.34731830126641
23,23.232323232323235,18.97428615478561,23.37651214942666
24,24.242424242424242,26.637214572143158,24.405705997586903
25,25.252525252525253,21.308536419476827,25.43489984574715
26,26.262626262626263,30.209747098289213,26.4640936939074
27,27.272727272727273,31.160514564518717,27.493287542067648
28,28.282828282828284,31.958450675079256,28.5224813902279
29,29.292929292929294,24.438616196603697,29.551675238388146
30,30.303030303030305,26.920852675280173,30.580869086548397
31,31.313131313131315,33.76875663407008,31.610062934708644
32,32.323232323232325,33.913119594337196,32.63925678286889
33,33.333333333333336,37.29013516683305,33.668450631029145
34,34.343434343434346,36.39480024904767,34.69764447918939
35,35.35353535353536,28.868460430309856,35.72683832734964
36,36.36363636363637,43.92192013665256,36.75603217550989
37,37.37373737373738,35.96646006220913,37.785226023670134
38,38.38383838383839,41.130920682732906,38.81441987183039
39,39.3939393939394,43.040720222762964,39.843613719990636
40,40.40404040404041,45.97309526058247,40.87280756815088
41,41.41414141414142,38.23818115844245,41.90200141631113
42,42.42424242424243,44.43957169531943,42.931195264471384
43,43.43434343434344,53.03391192757283,43.96038911263163
44,44.44444444444445,42.46466186863838,44.98958296079188
45,45.45454545454546,59.65770346916136,46.018776808952126
46,46.46464646464647,52.21464349030769,47.04797065711238
47,47.47474747474748,56.98615860506172,48.07716450527263
48,48.484848484848484,44.32842577691261,49.10635835343287
49,49.494949494949495,49.523843945510016,50.135552201593114
50,50.505050505050505,56.15320872581596,51.16474604975336
51,51.515151515151516,44.41199154820404,52.193939897913616
52,52.525252525252526,47.81143148417325,53.22313374607386
53,53.535353535353536,51.840597965195144,54.25232759423411
54,54.54545454545455,51.72664946471659,55.28152144239436
55,55.55555555555556,54.64691845558744,56.31071529055461
56,56.56565656565657,65.61270801750187,57.33990913871486
57,57.57575757575758,52.28355689505596,58.369102986875106
58,58.58585858585859,66.97575624413612,59.39829683503535
59,59.5959595959596,51.68229915363472,60.4274906831956
60,60.60606060606061,54.117715184990445,61.456684531355855
61,61.61616161616162,61.37663219395669,62.4858783795161
62,62.62626262626263,68.46331770392976,63.51507222767635
63,63.63636363636364,58.6084330118102,64.54426607583659
64,64.64646464646465,55.32995832970046,65.57345992399684
65,65.65656565656566,65.99367202035668,66.60265377215708
66,66.66666666666667,61.50346345312496,67.63184762031736
67,67.67676767676768,76.53384769445377,68.6610414684776
68,68.68686868686869,79.51240171397893,69.69023531663785
69,69.6969696969697,62.22177767022613,70.7194291647981
70,70.70707070707071,64.53521982651611,71.74862301295835
71,71.71717171717172,68.29640774019207,72.7778168611186
72,72.72727272727273,75.88270140902816,73.80701070927884
73,73.73737373737374,66.22190051359183,74.83620455743909
74,74.74747474747475,70.33792096943229,75.86539840559934
75,75.75757575757576,79.6304455956051,76.89459225375958
76,76.76767676767678,87.44560837179715,77.92378610191983
77,77.77777777777779,68.72441957893219,78.95297995008008
78,78.7878787878788,84.40233213772285,79.98217379824032
79,79.7979797979798,86.53324415332166,81.01136764640057
80,80.80808080808082,82.41478521810917,82.04056149456082
81,81.81818181818183,81.62704963601882,83.06975534272107
82,82.82828282828284,88.1926078728088,84.09894919088131
83,83.83838383838385,88.62441670414982,85.12814303904156
84,84.84848484848486,90.45128746103244,86.15733688720184
85,85.85858585858587,83.961497590617,87.18653073536208
86,86.86868686868688,82.41558752504986,88.21572458352233
87,87.87878787878789,98.3724341428155,89.24491843168258
88,88.8888888888889,90.22924193555768,90.27411227984283
89,89.89898989898991,88.42814366520294,91.30330612800307
90,90.90909090909092,93.71267396450833,92.33249997616332
91,91.91919191919193,92.42696038158955,93.36169382432357
92,92.92929292929294,90.46219909851592,94.39088767248381
93,93.93939393939395,94.9193055252731,95.42008152064406
94,94.94949494949496,90.49067825333391,96.44927536880431
95,95.95959595959597,101.66306425579269,97.47846921696456
96,96.96969696969697,105.74573672464798,98.5076630651248
97,97.97979797979798,110.97700848779411,99.53685691328505
98,98.98989898989899,99.91299151315347,100.5660507614453
99,100.0,92.99841397334275,101.59524460960554
